      0/99     2.05G    0.1048   0.06232   0.02693     0.194       148       480  0.002734    0.1196 0.0005323 9.277e-05   0.09739   0.04608   0.02557
      1/99     2.04G    0.1005   0.06839   0.02541    0.1943       158       480  0.009625    0.0188  0.002765  0.001159   0.09955   0.04506   0.02589
      2/99     2.04G   0.09984   0.06759   0.02479    0.1922       160       480   0.01798   0.01725  0.002352 0.0005053   0.09747   0.04624   0.02478
      3/99     2.04G   0.09959   0.06593   0.02458    0.1901       141       480   0.01926   0.02117  0.002296 0.0005132   0.09895   0.04529   0.02497
      4/99     2.04G   0.09846   0.06787   0.02454    0.1909       124       480  0.006945    0.1172    0.0026 0.0008627   0.09763   0.04482    0.0245
      5/99     2.04G   0.09625   0.06688   0.02388     0.187       168       480  0.009226    0.1024  0.002991 0.0007697   0.09506   0.05261   0.02391
      6/99     2.04G   0.09316   0.06603     0.023    0.1822       205       480    0.0319     0.106   0.01003  0.001627    0.0915   0.04671    0.0222
      7/99     2.04G   0.08999   0.06908   0.02114    0.1802       183       480   0.07766    0.1097   0.02469  0.004714   0.08768   0.04825    0.0197
      8/99     2.04G   0.08738   0.06758   0.02035    0.1753       152       480   0.06185    0.1996   0.02303  0.005305   0.08909   0.04747   0.02236
      9/99     2.04G   0.08501   0.06774   0.01974    0.1725       164       480     0.118    0.1463   0.05411   0.01217    0.0841    0.0463   0.01873
     10/99     2.04G   0.08271   0.06798   0.01887    0.1696       134       480   0.08402    0.1488   0.03693   0.00716   0.08422   0.05146   0.01853
     11/99     2.04G   0.08133   0.06912   0.01861    0.1691       190       480    0.1334    0.1445   0.05879   0.01257    0.0829   0.04694   0.01816
     12/99     2.04G   0.07916   0.06787     0.018     0.165       103       480     0.213    0.2078     0.125   0.03266   0.07889   0.04455   0.01674
     13/99     2.04G   0.07685   0.06799   0.01692    0.1618       137       480    0.2324    0.2026     0.137   0.03542   0.07732   0.04362    0.0159
     14/99     2.04G   0.07566   0.06683   0.01654     0.159       153       480    0.2656    0.2163    0.1405   0.03911   0.07655   0.04607   0.01585
     15/99     2.04G   0.07473    0.0679    0.0161    0.1587       189       480     0.302    0.2541    0.1889   0.05721    0.0746   0.04274   0.01496
     16/99     2.04G   0.07399   0.06796   0.01579    0.1577       219       480    0.3047    0.2586    0.2024   0.06282   0.07385   0.04348   0.01494
     17/99     2.04G   0.07277   0.06582   0.01512    0.1537       145       480    0.2952    0.2525    0.1921     0.058    0.0747   0.04538   0.01486
     18/99     2.04G   0.07174   0.06607   0.01486    0.1527       217       480      0.37    0.2603    0.2267   0.07231   0.07218   0.04219   0.01379
     19/99     2.04G   0.07074   0.06587   0.01435     0.151       131       480    0.4141    0.2659    0.2528   0.07948   0.07125   0.04195   0.01331
     20/99     2.04G   0.06988   0.06429    0.0143    0.1485       176       480    0.3644    0.3034     0.262   0.09018   0.07059   0.04156   0.01313
     21/99     2.04G   0.06916   0.06426   0.01404    0.1475       186       480    0.4146    0.3069    0.2812   0.09913   0.06958   0.04124   0.01354
     22/99     2.04G   0.06919   0.06393   0.01362    0.1467       154       480     0.427    0.3109    0.2978    0.1048   0.06896   0.04106   0.01226
     23/99     2.04G    0.0683   0.06331   0.01377    0.1454       164       480    0.4161    0.3463    0.3129    0.1148   0.06838   0.04103   0.01274
     24/99     2.04G   0.06773   0.06269   0.01354     0.144       170       480    0.4345    0.3537     0.326    0.1156   0.06802   0.04092    0.0125
     25/99     2.04G   0.06731   0.06441     0.013    0.1447       155       480    0.4492    0.3151    0.3029    0.1062   0.06864   0.04079   0.01195
     26/99     2.04G   0.06748   0.06346   0.01318    0.1441       158       480    0.4669    0.3303    0.3277    0.1221   0.06743   0.04059   0.01207
     27/99     2.04G   0.06632   0.06429   0.01297    0.1436       214       480    0.5045    0.3553    0.3574    0.1331   0.06637   0.04009   0.01142
     28/99     2.04G   0.06653    0.0648   0.01284    0.1442       142       480    0.5486    0.3266    0.3489    0.1304    0.0664   0.04038    0.0118
     29/99     2.04G   0.06561   0.06397   0.01227    0.1418       193       480    0.5082    0.3541     0.361    0.1381   0.06604   0.04034   0.01155
     30/99     2.04G   0.06573   0.06239   0.01229    0.1404       198       480     0.506     0.366    0.3682    0.1429   0.06564   0.04005   0.01117
     31/99     2.04G   0.06524   0.06295   0.01179      0.14       197       480    0.5193    0.3679    0.3727    0.1393   0.06542   0.03999   0.01096
     32/99     2.04G   0.06474   0.06155   0.01167     0.138       197       480    0.4472    0.3851    0.3429     0.125   0.06763   0.04124    0.0114
     33/99     2.04G   0.06423   0.06117   0.01204    0.1374       131       480    0.5421    0.3842    0.3906    0.1561   0.06458   0.03957   0.01102
     34/99     2.04G   0.06397   0.06138   0.01163     0.137       135       480    0.5017    0.3999    0.3824      0.15   0.06426    0.0398   0.01052
     35/99     2.04G   0.06418    0.0614   0.01174    0.1373       118       480    0.5649    0.3744       0.4    0.1575   0.06416   0.03949   0.01049
     36/99     2.04G   0.06413   0.06211   0.01154    0.1378       126       480    0.5352    0.3925    0.4085    0.1662   0.06408   0.03929   0.01093
     37/99     2.04G   0.06322   0.06117   0.01118    0.1356       111       480      0.53    0.4044    0.4021    0.1586   0.06428   0.03952   0.01051
     38/99     2.04G   0.06271   0.06187   0.01109    0.1357       166       480     0.553    0.3955    0.4016    0.1613   0.06376   0.03949   0.01092
     39/99     2.04G    0.0622   0.06144   0.01092    0.1346       164       480    0.5339    0.4021    0.4037    0.1603   0.06403   0.03949   0.01041
     40/99     2.04G   0.06257   0.06069   0.01131    0.1346       173       480     0.607    0.3973    0.4265     0.174   0.06291   0.03901   0.01029
     41/99     2.04G   0.06197   0.06068   0.01105    0.1337       178       480    0.5694    0.4112    0.4224    0.1732   0.06311   0.03914   0.01051
     42/99     2.04G   0.06173   0.06112   0.01099    0.1338       126       480    0.5881    0.3965    0.4204    0.1722   0.06281   0.03901   0.01055
     43/99     2.04G   0.06174   0.06138   0.01065    0.1338       110       480    0.6036    0.4074     0.437    0.1809   0.06277   0.03946   0.01062
     44/99     2.04G   0.06163   0.06124   0.01049    0.1334       158       480    0.5791      0.43    0.4449    0.1838   0.06231   0.03899   0.01021
     45/99     2.04G   0.06141   0.06145   0.01052    0.1334       151       480    0.6306    0.4116    0.4463    0.1847   0.06221   0.03883   0.01004
     46/99     2.04G   0.06099   0.06166    0.0105    0.1331       211       480    0.5614     0.418    0.4248    0.1777   0.06242   0.03952   0.01026
     47/99     2.04G   0.06055   0.05924   0.01046    0.1302       188       480    0.6218    0.3985    0.4277    0.1794   0.06241   0.03896   0.01078
     48/99     2.04G   0.06071   0.06004   0.01022     0.131       147       480     0.574    0.4481    0.4512    0.1903   0.06158   0.03864   0.01011
     49/99     2.04G   0.06093   0.05872   0.01033      0.13       193       480    0.5596    0.4305    0.4312    0.1769   0.06198   0.03894   0.01007
     50/99     2.04G   0.06083   0.06077   0.01015    0.1317       169       480    0.5668    0.4325    0.4408    0.1878   0.06188   0.03892   0.01008
     51/99     2.04G   0.06004   0.06039   0.01026    0.1307       167       480    0.5883     0.418     0.445    0.1905   0.06163   0.03873   0.01023
     52/99     2.04G   0.05985   0.06073   0.01004    0.1306       139       480    0.5539    0.4528    0.4511    0.1902   0.06174   0.03855  0.009651
     53/99     2.04G   0.05998   0.05985  0.009867    0.1297       167       480    0.6308    0.4163    0.4488    0.1937   0.06161   0.03857  0.009799
     54/99     2.04G   0.06009   0.06061  0.009935    0.1306       166       480    0.5914    0.4419    0.4523    0.1922   0.06153   0.03854  0.009708
     55/99     2.04G   0.05975   0.06001  0.009612    0.1294       215       480     0.607    0.4294     0.444    0.1915    0.0616   0.03876   0.01003
     56/99     2.04G   0.05952   0.05902  0.009612    0.1281       151       480    0.6398    0.4235    0.4601    0.1983   0.06099   0.03856  0.009364
     57/99     2.04G   0.05855   0.05872  0.009476    0.1267       153       480    0.5918    0.4446    0.4627    0.1979     0.061   0.03839   0.00956
     58/99     2.04G   0.05916   0.05972  0.009605    0.1285       138       480    0.5978    0.4378    0.4625    0.2003   0.06102   0.03829  0.009544
     59/99     2.04G   0.05884   0.05866  0.009393    0.1269       184       480    0.6028    0.4463    0.4631    0.2034   0.06091   0.03842  0.009753
     60/99     2.04G   0.05871   0.05904  0.009309    0.1271       175       480     0.594    0.4583    0.4681    0.2004   0.06067   0.03838  0.009756
     61/99     2.04G   0.05852   0.05971  0.009355    0.1276       200       480    0.6293    0.4313    0.4665    0.2015    0.0606   0.03824  0.009418
     62/99     2.04G   0.05876   0.05842  0.009392    0.1266       278       480    0.5797    0.4726    0.4789    0.2097   0.06078   0.03831    0.0101
     63/99     2.04G   0.05897   0.05898  0.009476    0.1274       146       480    0.6033    0.4561     0.472    0.2064   0.06059   0.03837  0.009201
     64/99     2.04G   0.05863   0.05898    0.0092    0.1268       115       480    0.6195    0.4497    0.4708    0.2041   0.06039   0.03841  0.009553
     65/99     2.04G   0.05819   0.05828  0.008968    0.1254       157       480    0.6263    0.4383    0.4619     0.203   0.06071   0.03825   0.00965
     66/99     2.04G   0.05795   0.05887  0.009126    0.1259       160       480    0.6092    0.4607     0.478    0.2099   0.06017   0.03815  0.009234
     67/99     2.04G   0.05731   0.05968  0.008916    0.1259       137       480    0.6117    0.4596    0.4742    0.2105   0.06052    0.0382  0.009672
     68/99     2.04G   0.05742   0.05782  0.009154    0.1244       129       480    0.6578    0.4308     0.468    0.2064   0.06034    0.0383  0.009628
     69/99     2.04G   0.05739   0.05791  0.008786    0.1241       132       480    0.6337    0.4345    0.4704    0.2066   0.06017   0.03823  0.009109
     70/99     2.04G    0.0576   0.05821  0.008715    0.1245       120       480    0.6168    0.4551    0.4781    0.2117   0.06005   0.03813  0.009166
     71/99     2.04G   0.05709   0.05698  0.008833    0.1229       243       480    0.6013    0.4724    0.4789    0.2125   0.05992   0.03842  0.009371
     72/99     2.04G   0.05699   0.05747  0.008506     0.123       161       480    0.6383    0.4561    0.4822    0.2119   0.05977   0.03824  0.009237
     73/99     2.04G    0.0568   0.05832  0.008475    0.1236       158       480    0.6448    0.4482    0.4825    0.2132   0.05986   0.03814  0.009369
     74/99     2.04G   0.05621   0.05526  0.008343    0.1198       163       480    0.6334     0.464     0.488    0.2136   0.05955   0.03799  0.009355
     75/99     2.04G   0.05655   0.05712  0.008361     0.122       145       480    0.6236    0.4446    0.4692    0.2085   0.05996   0.03829  0.009299
     76/99     2.04G   0.05617   0.05672  0.008319    0.1212       151       480    0.5916    0.4682    0.4821    0.2119   0.05978   0.03824  0.009301
     77/99     2.04G   0.05615   0.05564  0.008301    0.1201       127       480    0.6065     0.458    0.4791    0.2142   0.05986   0.03797  0.009253
     78/99     2.04G   0.05661   0.05767  0.008385    0.1227       171       480    0.6289    0.4566    0.4841    0.2173   0.05956   0.03821   0.00905
     79/99     2.04G   0.05667   0.05752  0.008373    0.1226       182       480     0.651    0.4577    0.4877    0.2167    0.0596   0.03807  0.009929
     80/99     2.04G   0.05606   0.05782   0.00856    0.1224       162       480    0.6158    0.4676    0.4864    0.2169   0.05942   0.03816  0.009459
     81/99     2.04G    0.0562   0.05758  0.008061    0.1218       156       480    0.6621     0.454    0.4915    0.2189   0.05952   0.03818  0.009222
     82/99     2.04G   0.05624   0.05768  0.008068     0.122       171       480    0.6456    0.4659    0.4961    0.2207    0.0593   0.03825  0.009182
     83/99     2.04G   0.05575   0.05682  0.007871    0.1204       142       480    0.6282    0.4724    0.4943    0.2232   0.05929   0.03799  0.009239
     84/99     2.04G   0.05571   0.05662  0.008272    0.1206       153       480    0.6123     0.478    0.4898    0.2188   0.05949   0.03798  0.009137
     85/99     2.04G   0.05616   0.05712  0.007871    0.1211       165       480    0.6189    0.4667    0.4884    0.2199    0.0595   0.03822  0.009392
     86/99     2.04G    0.0559    0.0558  0.007804    0.1195       160       480    0.6648    0.4519    0.4939    0.2222   0.05943   0.03815  0.009222
     87/99     2.04G    0.0553   0.05583  0.008202    0.1193       161       480    0.6078     0.477    0.4861    0.2178   0.05966    0.0379  0.009303
     88/99     2.04G   0.05532   0.05514  0.007785    0.1183       161       480    0.6142    0.4661     0.488    0.2209   0.05925   0.03797  0.009193
     89/99     2.04G   0.05515   0.05693  0.007852    0.1199       129       480    0.5906    0.4895    0.4927     0.218    0.0593   0.03813  0.009146
     90/99     2.04G   0.05535   0.05624  0.007556    0.1191       216       480    0.6179    0.4823    0.4944    0.2175   0.05956   0.03803  0.009123
     91/99     2.04G    0.0552    0.0559  0.007848    0.1189       143       480    0.6363    0.4663    0.4905    0.2187   0.05954   0.03807  0.009088
     92/99     2.04G   0.05516   0.05583  0.007545    0.1185       185       480    0.6307    0.4647    0.4926    0.2187    0.0594   0.03833  0.008868
     93/99     2.04G   0.05549   0.05633    0.0081    0.1199       173       480    0.6791    0.4551    0.5007    0.2253   0.05911   0.03818  0.008849
     94/99     2.04G    0.0546   0.05497  0.007601    0.1172       165       480    0.6733    0.4556       0.5    0.2249   0.05893    0.0381  0.008943
     95/99     2.04G   0.05497    0.0557  0.007734    0.1184       159       480    0.6455     0.457    0.4876    0.2162   0.05928   0.03839  0.008992
     96/99     2.04G   0.05495   0.05642  0.007706    0.1191       157       480    0.6441    0.4662    0.4991    0.2256   0.05907   0.03802  0.008963
     97/99     2.04G   0.05486   0.05629  0.007396    0.1185       148       480    0.6354    0.4799     0.501    0.2208   0.05912   0.03804  0.009009
     98/99     2.04G   0.05508   0.05549  0.007669    0.1182       129       480    0.6417    0.4723    0.4941    0.2185   0.05906     0.038  0.008963
     99/99     2.04G   0.05476   0.05575  0.007702    0.1182       166       480    0.6378    0.4725    0.4999    0.2228   0.05908   0.03808  0.008992
